Mean : 4.51602 cycles
Variance : 0.167526 cycles
Median : 4.62584 cycles
Std dev : 0.4093 cycles
Mean : 1.68561 ns
Variance : 0.0619434 ns
Median : 1.71552 ns
Std dev : 0.248884 ns