Mean : 31.8565 cycles
Variance : 0.199132 cycles
Median : 31.8003 cycles
Std dev : 0.446243 cycles
Mean : 11.9018 ns
Variance : 0.367873 ns
Median : 11.7919 ns
Std dev : 0.606525 ns